Input matrix is :
     1.000     1.000     1.000
     4.000     3.000    -1.000
     3.000     5.000     3.000

The Minor matrix is :
    14.000    15.000    11.000
    -2.000     0.000     2.000
    -4.000    -5.000    -1.000

The Co-factor matrix is :
    14.000   -15.000    11.000
     2.000     0.000    -2.000
    -4.000     5.000    -1.000

The Adjoint matrix is :
    14.000     2.000    -4.000
   -15.000     0.000     5.000
    11.000    -2.000    -1.000

The Inverse matrix is :
     1.400     0.200    -0.400
    -1.500     0.000     0.500
     1.100    -0.200    -0.100

The set of solution is :
x1 = 1.000000
x2 = 0.500000
x3 = -0.500000
